10010001
00100000
00000011
11101010
11010011
01100000
00011001
01001010
11111000
01000000
00000001
01001011
11010011
01000000
00010001
01110011
10010001
00000000
00111111
11101100
10001010
00001100
00000001
01110100
10010001
00000000
00000111
11110101
10010001
00000000
00000011
11110110
11101011
00010100
00000010
11011111
01010100
00000000
00000000
11101010
10010001
00000000
00000010
10100000
10010001
00000000
00000010
01100001
10010100
00000000
00000000
00000101
10010001
00000000
00000000
00010101
10010001
00000000
00000110
11010110
00010111
11111111
11111111
11111001
11010011
01000000
00000101
01001010
11111000
00000000
00000001
01010101
11010001
00000000
10000011
10011100
11111000
00000001
10000011
10010110
11111000
00000001
00000011
10010101
11111000
00000000
10000011
10010100
11111000
00000000
00000011
10010011
10010001
00000000
00000000
00010011
10010001
00000000
00000000
00110100
10010001
00000000
00000011
11110101
10010001
00000000
00000011
11110110
11101011
00010100
00000010
11011111
01010100
00000000
00000000
10001010
10001011
00010011
00000010
10110101
10010001
00000000
00000110
11010110
00010111
11111111
11111111
11111100
10010001
00000000
00000010
10100000
11111000
01000000
00000011
10010011
11111000
01000000
10000011
10010100
11111000
01000001
00000011
10010101
11111000
01000001
10000011
10010110
10010001
00000000
10000011
10011100
11010110
00000000
00000000
00011110
